1.000000 0.519672
2.000000 0.596784
3.000000 0.640663
4.000000 0.674170
5.000000 0.703968
6.000000 0.727835
7.000000 0.746776
8.000000 0.764054
9.000000 0.777605
10.000000 0.789134
11.000000 0.799061
12.000000 0.808516
13.000000 0.816407
14.000000 0.824067
15.000000 0.831206
16.000000 0.837543
17.000000 0.843392
18.000000 0.848445
19.000000 0.853205
20.000000 0.857734
21.000000 0.861912
22.000000 0.865831
23.000000 0.869672
24.000000 0.873223
25.000000 0.876596
26.000000 0.879853
27.000000 0.882934
28.000000 0.885784
29.000000 0.888518
30.000000 0.891140
31.000000 0.893736
32.000000 0.896254
33.000000 0.898609
34.000000 0.900839
35.000000 0.903026
36.000000 0.905106
37.000000 0.907160
38.000000 0.909154
39.000000 0.911115
40.000000 0.912993
41.000000 0.914804
42.000000 0.916597
43.000000 0.918357
44.000000 0.920004
45.000000 0.921641
46.000000 0.923253
47.000000 0.924816
48.000000 0.926354
49.000000 0.927886
50.000000 0.929376
51.000000 0.930834
52.000000 0.932261
53.000000 0.933682
54.000000 0.935022
55.000000 0.936351
56.000000 0.937676
57.000000 0.938951
58.000000 0.940213
59.000000 0.941446
60.000000 0.942671
61.000000 0.943875
62.000000 0.945054
63.000000 0.946199
64.000000 0.947335
65.000000 0.948427
66.000000 0.949495
67.000000 0.950549
68.000000 0.951584
69.000000 0.952602
70.000000 0.953611
71.000000 0.954599
72.000000 0.955575
73.000000 0.956550
74.000000 0.957497
75.000000 0.958423
76.000000 0.959342
77.000000 0.960253
78.000000 0.961159
79.000000 0.962054
80.000000 0.962924
81.000000 0.963786
82.000000 0.964644
83.000000 0.965493
84.000000 0.966326
85.000000 0.967125
86.000000 0.967915
87.000000 0.968701
88.000000 0.969483
89.000000 0.970253
90.000000 0.971005
91.000000 0.971750
92.000000 0.972481
93.000000 0.973196
94.000000 0.973904
95.000000 0.974588
96.000000 0.975262
97.000000 0.975925
98.000000 0.976583
99.000000 0.977229
100.000000 0.977865
101.000000 0.978489
102.000000 0.979107
103.000000 0.979714
104.000000 0.980310
105.000000 0.980902
106.000000 0.981475
107.000000 0.982038
108.000000 0.982596
109.000000 0.983131
110.000000 0.983657
111.000000 0.984180
112.000000 0.984695
113.000000 0.985201
114.000000 0.985689
115.000000 0.986172
116.000000 0.986638
117.000000 0.987095
118.000000 0.987546
119.000000 0.987990
120.000000 0.988418
121.000000 0.988846
122.000000 0.989268
123.000000 0.989676
124.000000 0.990074
125.000000 0.990464
126.000000 0.990850
127.000000 0.991226
128.000000 0.991591
129.000000 0.991949
130.000000 0.992299
131.000000 0.992642
132.000000 0.992972
133.000000 0.993297
134.000000 0.993618
135.000000 0.993930
136.000000 0.994228
137.000000 0.994524
138.000000 0.994812
139.000000 0.995097
140.000000 0.995372
141.000000 0.995633
142.000000 0.995878
143.000000 0.996117
144.000000 0.996351
145.000000 0.996583
146.000000 0.996804
147.000000 0.997012
148.000000 0.997216
149.000000 0.997413
150.000000 0.997608
151.000000 0.997795
152.000000 0.997975
153.000000 0.998147
154.000000 0.998309
155.000000 0.998469
156.000000 0.998619
157.000000 0.998767
158.000000 0.998911
159.000000 0.999048
160.000000 0.999176
161.000000 0.999297
162.000000 0.999412
163.000000 0.999525
164.000000 0.999634
165.000000 0.999738
166.000000 0.999833
167.000000 0.999927
168.000000 1.000000
